[
  [
    [
      0.9854023735911009,
      -0.16631690822591216,
      -0.03634347478162055,
      0.19668265411519462
    ],
    [
      -0.16257490856799056,
      -0.9826757814417394,
      0.08898150185280565,
      0.215715391078701
    ],
    [
      -0.05051298075879392,
      -0.08177404604179041,
      -0.9953700036513162,
      0.10183069572166087
    ],
    [
      0.0,
      0.0,
      0.0,
      1.0
    ]
  ],
  [
    [
      0.9856094665671852,
      -0.16806343108206895,
      -0.018129052542143732,
      0.1967346290703626
    ],
    [
      -0.1624709270157571,
      -0.9714568373073712,
      0.17284331379432905,
      0.20101915751065394
    ],
    [
      -0.04666023240183964,
      -0.1674105623360934,
      -0.9847824766569132,
      0.1095342644903049
    ],
    [
      0.0,
      0.0,
      0.0,
      1.0
    ]
  ],
  [
    [
      0.9076605014231655,
      -0.41776685845363537,
      0.040289777041236624,
      0.23852326958861583
    ],
    [
      -0.4190925206177011,
      -0.8969651274846486,
      0.140765831218923,
      0.2069138322371386
    ],
    [
      -0.022668774085823223,
      -0.14465272916275307,
      -0.9892227831116798,
      0.10460483241425331
    ],
    [
      0.0,
      0.0,
      0.0,
      1.0
    ]
  ],
  [
    [
      0.907661615221161,
      -0.41776448068084066,
      0.04028934022275636,
      0.2385228721036441
    ],
    [
      -0.4190901033512298,
      -0.8969662268498425,
      0.14076602276052527,
      0.20691373664449952
    ],
    [
      -0.02266886691418285,
      -0.14465277934498466,
      -0.9892227736463626,
      0.10460484740775419
    ],
    [
      0.0,
      0.0,
      0.0,
      1.0
    ]
  ],
  [
    [
      0.9936536199673304,
      -0.11001304882511274,
      -0.02344381824763964,
      0.19037937749508743
    ],
    [
      -0.10394211533951486,
      -0.9777030395586022,
      0.18246315544959185,
      0.2014857092500499
    ],
    [
      -0.04299442038883668,
      -0.17886837486285345,
      -0.9829331535202962,
      0.11036917747244047
    ],
    [
      0.0,
      0.0,
      0.0,
      1.0
    ]
  ],
  [
    [
      0.9001540754911785,
      -0.43370623487605225,
      0.04026837724896576,
      0.2376489055246221
    ],
    [
      -0.43401746912838884,
      -0.8852982051368469,
      0.16696084712551493,
      0.22421926524051597
    ],
    [
      -0.03676243827624033,
      -0.1677676661669948,
      -0.9851408697850627,
      0.10723312262474291
    ],
    [
      0.0,
      0.0,
      0.0,
      1.0
    ]
  ],
  [
    [
      0.9696699831851537,
      -0.24441310127482455,
      -0.0015361103250196163,
      0.205940941863904
    ],
    [
      -0.24096138306821627,
      -0.9569912999308944,
      0.1615712342170885,
      0.20304034295353218
    ],
    [
      -0.040960170648577356,
      -0.15630063269802633,
      -0.9868598566355007,
      0.1067126363036126
    ],
    [
      0.0,
      0.0,
      0.0,
      1.0
    ]
  ],
  [
    [
      0.998388449906199,
      -1.4715212057290351e-05,
      -0.05674947468800662,
      0.17007280487864695
    ],
    [
      0.009775384086349757,
      -0.9850077556743697,
      0.17223287469966453,
      0.18515686602966488
    ],
    [
      -0.055901207141407165,
      -0.17251006070606012,
      -0.9834202224864659,
      0.11021638595367816
    ],
    [
      0.0,
      0.0,
      0.0,
      1.0
    ]
  ]
]