[
  [
    [
      0.9758456600430957,
      -0.21810490239338118,
      0.012469936929775468,
      0.21054737151170994
    ],
    [
      -0.21845145476692035,
      -0.973675540621401,
      0.06507613622398367,
      0.22703049715105217
    ],
    [
      -0.0020517517576564156,
      -0.06622834096970881,
      -0.9978023838251388,
      0.10174369098446259
    ],
    [
      0.0,
      0.0,
      0.0,
      1.0
    ]
  ],
  [
    [
      0.9758492206583752,
      -0.2174301486003886,
      -0.02103399676853168,
      0.2104795062710788
    ],
    [
      -0.21843558007090763,
      -0.9721750177539226,
      -0.08462642739859698,
      0.22687742899023838
    ],
    [
      -0.0020483894970862804,
      0.0871772065093671,
      -0.9961907140531352,
      0.08662517606305652
    ],
    [
      0.0,
      0.0,
      0.0,
      1.0
    ]
  ],
  [
    [
      0.9758492206583753,
      -0.2174300925826958,
      -0.02103457581996865,
      0.21047950075053518
    ],
    [
      -0.21843558007090766,
      -0.9721747923766665,
      -0.0846290164569769,
      0.22687740677930981
    ],
    [
      -0.002048389497086281,
      0.0871798595254059,
      -0.9961904818826582,
      0.08662491460832589
    ],
    [
      0.0,
      0.0,
      0.0,
      1.0
    ]
  ],
  [
    [
      0.8818774772661538,
      -0.4674544770954294,
      -0.061468910305352044,
      0.25006406413232346
    ],
    [
      -0.47137488070846517,
      -0.876893192239804,
      -0.09414909049253069,
      0.2394021867003323
    ],
    [
      -0.009891255115966106,
      0.1120028626729202,
      -0.9936586545817967,
      0.08463104315881315
    ],
    [
      0.0,
      0.0,
      0.0,
      1.0
    ]
  ],
  [
    [
      0.8823474336933568,
      -0.44383518052831206,
      0.1564395690998705,
      0.2476641250985148
    ],
    [
      -0.47058611298644537,
      -0.8297275595901303,
      0.30016809810657846,
      0.22710127143107045
    ],
    [
      -0.003422940119406209,
      -0.3384708397809369,
      -0.9409706552804564,
      0.12810289366194536
    ],
    [
      0.0,
      0.0,
      0.0,
      1.0
    ]
  ],
  [
    [
      0.993279123094777,
      -0.0907416112602381,
      -0.07185084279234977,
      0.18318173396102144
    ],
    [
      -0.06828571405727722,
      -0.9606521920890236,
      0.26922932063622906,
      0.24770854583621876
    ],
    [
      -0.09345397198494514,
      -0.26251347740726283,
      -0.9603921226768721,
      0.12790908733825032
    ],
    [
      0.0,
      0.0,
      0.0,
      1.0
    ]
  ],
  [
    [
      0.9933372488937299,
      -0.08190187972130239,
      -0.08107522468891282,
      0.1824544112962072
    ],
    [
      -0.06850328214931233,
      -0.9853622978813589,
      0.15610394693518787,
      0.24859053316269358
    ],
    [
      -0.09267367638662076,
      -0.1495099461978685,
      -0.9844076217161785,
      0.11646630530808276
    ],
    [
      0.0,
      0.0,
      0.0,
      1.0
    ]
  ],
  [
    [
      0.9829605241768897,
      -0.17188798673914185,
      -0.06513929631691515,
      0.197872462479144
    ],
    [
      -0.1645990270323229,
      -0.9808247076653976,
      0.10435541736347019,
      0.2326084072571773
    ],
    [
      -0.08182767386349764,
      -0.09185539095696016,
      -0.9924045641482293,
      0.1067755179634157
    ],
    [
      0.0,
      0.0,
      0.0,
      1.0
    ]
  ],
  [
    [
      0.9409086162412381,
      -0.3375136694660871,
      -0.02784777920301723,
      0.22120393254817824
    ],
    [
      -0.3235682704244275,
      -0.9202070033584979,
      0.22027856306168866,
      0.25234895576982586
    ],
    [
      -0.09997274757426479,
      -0.19825134020609977,
      -0.9750394124592823,
      0.11996092922862642
    ],
    [
      0.0,
      0.0,
      0.0,
      1.0
    ]
  ],
  [
    [
      0.9866448745747138,
      0.10708969013212004,
      -0.12273422400805277,
      0.15313327415476305
    ],
    [
      0.13417690720949127,
      -0.9615417320734239,
      0.2396540319980877,
      0.2311877702293877
    ],
    [
      -0.09234960231180203,
      -0.25292152092823444,
      -0.9630691850558846,
      0.12760460602914106
    ],
    [
      0.0,
      0.0,
      0.0,
      1.0
    ]
  ],
  [
    [
      0.989058827712918,
      0.12408698555519151,
      -0.07978129692464678,
      0.16035069267558766
    ],
    [
      0.1311114489018502,
      -0.9872888464713605,
      0.0898360818386077,
      0.22081331591675324
    ],
    [
      -0.06761969602128111,
      -0.09931341122467405,
      -0.9927559735710045,
      0.10723196665039736
    ],
    [
      0.0,
      0.0,
      0.0,
      1.0
    ]
  ],
  [
    [
      0.9972674854287574,
      -0.039813690090525405,
      -0.06222887262343301,
      0.18628470616552284
    ],
    [
      -0.046450862384050384,
      -0.9929411327071969,
      -0.1091339743706408,
      0.23688175041402004
    ],
    [
      -0.057444581035863265,
      0.11172634899400083,
      -0.992077286833082,
      0.08446567670499985
    ],
    [
      0.0,
      0.0,
      0.0,
      1.0
    ]
  ],
  [
    [
      0.9643772761196928,
      -0.2576841115963169,
      -0.0597943804615751,
      0.21589728878588543
    ],
    [
      -0.2541058437266663,
      -0.9652271680950189,
      0.061373725283984965,
      0.2692205466478438
    ],
    [
      -0.07353019439608212,
      -0.04399332451738585,
      -0.9963221857963351,
      0.1028705619467459
    ],
    [
      0.0,
      0.0,
      0.0,
      1.0
    ]
  ],
  [
    [
      0.8813965202844333,
      -0.4682449077061799,
      -0.062344850931954486,
      0.24957000448497063
    ],
    [
      -0.46365721448382785,
      -0.8828003846862431,
      0.07540204410307509,
      0.2835761552378766
    ],
    [
      -0.09034468156783743,
      -0.0375524593742642,
      -0.9952023167714964,
      0.10406610297544547
    ],
    [
      0.0,
      0.0,
      0.0,
      1.0
    ]
  ],
  [
    [
      0.877737661259173,
      -0.46536366808820256,
      -0.11407565222594516,
      0.23399640610229636
    ],
    [
      -0.447867331803583,
      -0.8814602388541797,
      0.14980887965095946,
      0.3059247191329253
    ],
    [
      -0.17026876140508218,
      -0.08040213767450244,
      -0.9821120328898092,
      0.12079825175452634
    ],
    [
      0.0,
      0.0,
      0.0,
      1.0
    ]
  ],
  [
    [
      0.9958381800062637,
      -0.08872667309439612,
      -0.020830187791201438,
      0.1955439583586398
    ],
    [
      -0.07778836384179647,
      -0.9465566346803258,
      0.3130167851625158,
      0.20790858814952518
    ],
    [
      -0.047489890425572105,
      -0.31009371942085573,
      -0.9495191390820465,
      0.12519248575785302
    ],
    [
      0.0,
      0.0,
      0.0,
      1.0
    ]
  ],
  [
    [
      0.959998083321245,
      -0.2794795935953818,
      -0.01717081195808922,
      0.22886028778836645
    ],
    [
      -0.278266900766044,
      -0.9590632777584137,
      0.052584800021982826,
      0.2175126292755739
    ],
    [
      -0.03116427373773655,
      -0.045703238605720384,
      -0.9984688287690067,
      0.09697835389194576
    ],
    [
      0.0,
      0.0,
      0.0,
      1.0
    ]
  ],
  [
    [
      0.921895743419626,
      -0.3872132646075514,
      -0.013195680230348608,
      0.24588816469382416
    ],
    [
      -0.3854651860921976,
      -0.9201019763346363,
      0.06949059976722004,
      0.230105269453783
    ],
    [
      -0.03904905345442557,
      -0.05897661279747246,
      -0.9974953285942019,
      0.09926380468455974
    ],
    [
      0.0,
      0.0,
      0.0,
      1.0
    ]
  ],
  [
    [
      0.923561084518389,
      -0.3831965494115044,
      -0.013975968028642743,
      0.24496554224396103
    ],
    [
      -0.37964712237669346,
      -0.9189122415027765,
      0.10709040520720638,
      0.250551471604023
    ],
    [
      -0.0538793618588524,
      -0.09359859473017818,
      -0.9941510536282817,
      0.10524450439481936
    ],
    [
      0.0,
      0.0,
      0.0,
      1.0
    ]
  ],
  [
    [
      0.9857089250805647,
      -0.16737140689928517,
      -0.01909783152810625,
      0.21265898147968892
    ],
    [
      -0.16581845669818307,
      -0.9840000805547179,
      0.06517730346175622,
      0.2165561986305763
    ],
    [
      -0.0297010847403727,
      -0.0610790767846649,
      -0.997690930070221,
      0.0986061298764459
    ],
    [
      0.0,
      0.0,
      0.0,
      1.0
    ]
  ]
]