Iteration 1:
0.153535 0.096597 0.983410 0.476909
0.416769 0.896030 -0.153082 -0.473510
-0.895952 0.433359 0.097314 0.639961
0.000000 0.000000 0.000000 1.000000

Iteration 2:
0.714004 -0.080652 -0.695481 -0.381424
0.189899 0.978416 0.081493 0.306999
0.673897 -0.190257 0.713909 0.118353
0.000000 0.000000 0.000000 1.000000

Iteration 3:
0.217831 0.056145 -0.974370 0.202163
0.875189 0.430623 0.220472 0.060075
0.431965 -0.900784 0.044665 -0.714455
0.000000 0.000000 0.000000 1.000000

Iteration 4:
0.670093 -0.554500 -0.493462 -0.431756
0.633397 0.773771 -0.009365 -0.386169
0.387019 -0.306282 0.869717 -0.384847
0.000000 0.000000 0.000000 1.000000

Iteration 5:
0.013995 0.730182 0.683110 0.449470
-0.016889 0.683252 -0.729987 0.666404
-0.999759 -0.001321 0.021894 -0.401840
0.000000 0.000000 0.000000 1.000000

Iteration 6:
0.915584 -0.160661 -0.368638 0.427857
-0.014701 0.902734 -0.429947 -0.196666
0.401858 0.399072 0.824167 -0.931686
0.000000 0.000000 0.000000 1.000000

Iteration 7:
0.056110 -0.651161 -0.756863 0.407188
0.629238 -0.565499 0.533171 0.327084
-0.775185 -0.506163 0.378005 0.833886
0.000000 0.000000 0.000000 1.000000

Iteration 8:
0.585234 -0.803371 -0.109982 0.211030
0.385699 0.156493 0.909256 0.408994
-0.713258 -0.574548 0.401445 0.787374
0.000000 0.000000 0.000000 1.000000

Iteration 9:
0.008425 0.715649 0.698409 0.218187
-0.944680 0.234711 -0.229109 0.937560
-0.327886 -0.657843 0.678037 -0.144409
0.000000 0.000000 0.000000 1.000000

Iteration 10:
0.315533 0.626162 0.712993 0.005491
-0.948654 0.190537 0.252491 -0.982477
0.022249 -0.756053 0.654132 -0.021888
0.000000 0.000000 0.000000 1.000000

Iteration 11:
0.749364 0.000872 -0.662158 -0.991263
-0.481879 0.686570 -0.544439 -0.427302
0.454143 0.727063 0.514911 -0.925685
0.000000 0.000000 0.000000 1.000000

Iteration 12:
0.741568 -0.670210 0.029928 0.824804
0.614616 0.660820 -0.430771 -0.917492
0.268930 0.337840 0.901965 0.819538
0.000000 0.000000 0.000000 1.000000

Iteration 13:
0.393021 -0.624484 0.674948 0.515460
-0.289753 0.612513 0.735439 0.140590
-0.872684 -0.484611 0.059784 -0.521831
0.000000 0.000000 0.000000 1.000000

Iteration 14:
0.361630 0.661559 0.656935 -0.414179
-0.154103 0.737344 -0.657705 0.685123
-0.919498 0.136610 0.368594 0.297159
0.000000 0.000000 0.000000 1.000000

Iteration 15:
0.002576 0.537985 -0.842950 -0.428754
-0.036708 -0.842334 -0.537704 -0.545128
-0.999323 0.032328 0.017579 0.614460
0.000000 0.000000 0.000000 1.000000

Iteration 16:
0.931424 0.197188 -0.305884 0.214257
-0.363681 0.472937 -0.802538 0.708840
-0.013587 0.858747 0.512219 0.331185
0.000000 0.000000 0.000000 1.000000

Iteration 17:
0.676750 0.165225 -0.717433 0.329047
-0.171066 0.983110 0.065045 0.436709
0.716063 0.078709 0.693584 -0.917940
0.000000 0.000000 0.000000 1.000000

Iteration 18:
0.766080 0.300148 0.568360 -0.162594
0.528137 0.210026 -0.822776 -0.310992
-0.366325 0.930484 0.002378 0.246759
0.000000 0.000000 0.000000 1.000000

Iteration 19:
0.557192 0.047796 -0.829007 0.573469
-0.820238 0.187262 -0.540502 -0.795185
0.129407 0.981147 0.143545 -0.336985
0.000000 0.000000 0.000000 1.000000

Iteration 20:
0.265834 -0.364956 0.892267 -0.379758
0.123738 0.930831 0.343864 0.897705
-0.956045 0.018997 0.292605 -0.155547
0.000000 0.000000 0.000000 1.000000

Iteration 21:
0.976724 -0.080738 0.198726 0.909484
0.076329 0.996638 0.029762 0.101143
-0.200461 -0.013900 0.979603 0.333495
0.000000 0.000000 0.000000 1.000000

Iteration 22:
0.335199 -0.933084 0.130369 -0.329562
0.079054 -0.110031 -0.990779 0.955803
0.938825 0.342415 0.036882 -0.854120
0.000000 0.000000 0.000000 1.000000

Iteration 23:
0.221333 0.238809 -0.945506 0.059572
-0.690942 -0.645808 -0.324856 0.696138
-0.688194 0.725192 0.022065 0.976425
0.000000 0.000000 0.000000 1.000000

Iteration 24:
0.013260 -0.241611 -0.970283 -0.897398
0.010984 0.970345 -0.241476 -0.911886
0.999852 -0.007455 0.015521 0.840604
0.000000 0.000000 0.000000 1.000000

Iteration 25:
0.765043 0.325720 -0.555531 0.268336
-0.034873 0.882343 0.469313 -0.357112
0.643034 -0.339672 0.686390 -0.741937
0.000000 0.000000 0.000000 1.000000

Iteration 26:
0.641615 0.678253 -0.358194 0.157890
-0.748999 0.453369 -0.483174 0.681376
-0.165320 0.578299 0.798899 -0.125668
0.000000 0.000000 0.000000 1.000000

Iteration 27:
0.051021 0.048945 0.997497 0.327832
-0.057976 0.997259 -0.045968 0.453341
-0.997013 -0.055486 0.053719 0.497138
0.000000 0.000000 0.000000 1.000000

Iteration 28:
0.705680 -0.298714 0.642484 0.685992
0.676469 0.553739 -0.485554 0.339374
-0.210727 0.777267 0.592833 -0.956749
0.000000 0.000000 0.000000 1.000000

Iteration 29:
0.139916 0.014888 0.990051 -0.225709
-0.166193 0.986055 0.008659 -0.807212
-0.976116 -0.165751 0.140439 -0.541414
0.000000 0.000000 0.000000 1.000000

Iteration 30:
0.501135 0.859371 -0.101717 -0.534832
-0.393724 0.331096 0.857530 0.660483
0.770614 -0.389689 0.504278 -0.352396
0.000000 0.000000 0.000000 1.000000

Iteration 31:
0.354386 -0.654713 0.667653 0.937064
0.145687 0.743931 0.652183 -0.890463
-0.923681 -0.133856 0.359022 -0.533794
0.000000 0.000000 0.000000 1.000000

Iteration 32:
0.792025 0.610100 0.021786 0.015830
-0.196474 0.220947 0.955291 0.097640
0.578009 -0.760895 0.294864 -0.778312
0.000000 0.000000 0.000000 1.000000

Iteration 33:
0.791413 -0.383637 -0.475907 0.651134
0.463936 0.883904 0.058975 0.803725
0.398031 -0.267464 0.877516 -0.227138
0.000000 0.000000 0.000000 1.000000

Iteration 34:
0.081433 -0.828099 -0.554636 -0.843282
0.961279 0.212251 -0.175764 0.108241
0.263272 -0.518847 0.813318 -0.768400
0.000000 0.000000 0.000000 1.000000

Iteration 35:
0.962265 0.067513 -0.263605 0.183152
0.241264 0.236338 0.941242 -0.855670
0.125846 -0.969323 0.211131 0.705811
0.000000 0.000000 0.000000 1.000000

Iteration 36:
0.931333 0.045179 -0.361355 -0.504123
-0.277582 0.730367 -0.624109 -0.599071
0.235725 0.681559 0.692756 -0.944073
0.000000 0.000000 0.000000 1.000000

Iteration 37:
0.625003 0.709372 -0.325826 0.182307
-0.541929 0.694712 0.472956 -0.314435
0.561857 -0.119024 0.818627 -0.837768
0.000000 0.000000 0.000000 1.000000

Iteration 38:
0.844268 0.516649 -0.142426 -0.315125
-0.058580 0.353133 0.933737 0.061639
0.532710 -0.779981 0.328404 0.713754
0.000000 0.000000 0.000000 1.000000

Iteration 39:
0.040856 -0.819111 0.572178 -0.119646
0.099593 -0.566466 -0.818045 -0.128320
0.994189 0.090407 0.058434 -0.404426
0.000000 0.000000 0.000000 1.000000

Iteration 40:
0.121669 -0.245205 -0.961806 -0.001811
0.120426 0.965493 -0.230911 0.815882
0.985238 -0.087732 0.147000 0.178654
0.000000 0.000000 0.000000 1.000000

Iteration 41:
0.386948 -0.459649 0.799371 0.748932
0.024688 0.871755 0.489319 -0.826345
-0.921771 -0.169606 0.348671 0.404846
0.000000 0.000000 0.000000 1.000000

Iteration 42:
0.267960 0.690397 -0.671974 -0.031600
-0.012678 0.699948 0.714082 -0.414711
0.963347 -0.182826 0.196311 -0.249444
0.000000 0.000000 0.000000 1.000000

Iteration 43:
0.470874 -0.875109 -0.111631 -0.876663
0.641717 0.426594 -0.637352 -0.471546
0.605374 0.228477 0.762444 -0.641857
0.000000 0.000000 0.000000 1.000000

Iteration 44:
0.204881 -0.791680 -0.575558 0.071500
0.194367 0.609229 -0.768805 0.438902
0.959294 0.045644 0.278696 -0.419737
0.000000 0.000000 0.000000 1.000000

Iteration 45:
0.173159 -0.050034 0.983622 -0.722888
0.290399 0.956903 -0.002447 -0.962346
-0.941108 0.286067 0.180226 0.554246
0.000000 0.000000 0.000000 1.000000

Iteration 46:
0.158677 -0.411775 -0.897364 0.194741
0.979392 -0.049377 0.195840 0.383921
-0.124951 -0.909947 0.395454 -0.504227
0.000000 0.000000 0.000000 1.000000

Iteration 47:
0.782578 0.371912 0.499253 -0.821831
0.118802 0.697993 -0.706182 -0.867294
-0.611112 0.611954 0.502050 -0.584876
0.000000 0.000000 0.000000 1.000000

Iteration 48:
0.179715 -0.892886 0.412866 0.543878
0.523490 -0.268532 -0.808610 0.688153
0.832863 0.361450 0.419157 -0.872455
0.000000 0.000000 0.000000 1.000000

Iteration 49:
0.280541 0.391273 -0.876472 -0.313944
0.458497 0.747599 0.480497 -0.251888
0.843254 -0.536658 0.030335 0.184915
0.000000 0.000000 0.000000 1.000000

Iteration 50:
0.345035 -0.693989 -0.631925 -0.163394
0.003627 0.674252 -0.738493 -0.483628
0.938583 0.252514 0.235158 0.000312
0.000000 0.000000 0.000000 1.000000

Iteration 51:
0.391258 0.913374 -0.112542 -0.879421
-0.864833 0.323117 -0.384264 0.254358
-0.314612 0.247676 0.916338 -0.723477
0.000000 0.000000 0.000000 1.000000

Iteration 52:
0.533210 0.748365 0.394507 0.637187
-0.003467 0.468259 -0.883584 -0.406632
-0.845976 0.469769 0.252275 0.113378
0.000000 0.000000 0.000000 1.000000

Iteration 53:
0.725390 -0.478117 -0.495191 0.826358
-0.325505 0.395616 -0.858798 -0.401021
0.606511 0.784151 0.131346 -0.748506
0.000000 0.000000 0.000000 1.000000

Iteration 54:
0.089462 0.851420 -0.516798 -0.515210
-0.187017 -0.495289 -0.848359 -0.881769
-0.978275 0.172545 0.114921 0.657626
0.000000 0.000000 0.000000 1.000000

Iteration 55:
0.538594 0.842466 0.012962 0.590891
-0.839806 0.535522 0.089119 -0.615086
0.068138 -0.058885 0.995937 0.603274
0.000000 0.000000 0.000000 1.000000

Iteration 56:
0.845962 0.381773 -0.372288 0.063166
-0.084805 0.785593 0.612904 0.309544
0.526457 -0.486922 0.696958 0.781435
0.000000 0.000000 0.000000 1.000000

Iteration 57:
0.595583 -0.200960 0.777751 0.277526
0.754417 0.472503 -0.455627 0.130502
-0.275926 0.858112 0.433022 -0.563764
0.000000 0.000000 0.000000 1.000000

Iteration 58:
0.241199 -0.449066 -0.860327 0.335641
0.552872 0.792161 -0.258484 -0.128459
0.797594 -0.413305 0.439344 -0.148611
0.000000 0.000000 0.000000 1.000000

Iteration 59:
0.653730 -0.724256 0.219296 0.418188
0.756681 0.628887 -0.178705 0.659585
-0.008484 0.282762 0.959153 0.240689
0.000000 0.000000 0.000000 1.000000

Iteration 60:
0.674083 0.007785 0.738615 -0.999336
-0.698668 0.331266 0.634134 0.351358
-0.239741 -0.943505 0.228740 -0.559166
0.000000 0.000000 0.000000 1.000000

Iteration 61:
0.280215 0.734656 -0.617868 0.311482
-0.035882 0.651221 0.758039 0.427744
0.959266 -0.190244 0.208843 -0.939304
0.000000 0.000000 0.000000 1.000000

Iteration 62:
0.706551 -0.511474 0.489060 0.810372
0.503033 0.849089 0.161265 -0.391814
-0.497738 0.132072 0.857213 -0.987967
0.000000 0.000000 0.000000 1.000000

Iteration 63:
0.261342 0.725909 0.636205 0.453336
-0.560893 -0.422204 0.712140 -0.103208
0.785557 -0.542954 0.296817 -0.011118
0.000000 0.000000 0.000000 1.000000

Iteration 64:
0.552636 0.825360 0.115648 -0.022714
-0.033735 0.160802 -0.986410 -0.216941
-0.832739 0.541225 0.116708 -0.145943
0.000000 0.000000 0.000000 1.000000

Iteration 65:
0.710936 0.068927 0.699871 -0.501958
-0.555078 0.666054 0.498257 -0.370041
-0.431808 -0.742712 0.511781 0.330755
0.000000 0.000000 0.000000 1.000000

Iteration 66:
0.065854 -0.663848 0.744963 -0.403878
0.854382 -0.348154 -0.385772 0.343091
0.515456 0.661887 0.544252 0.831730
0.000000 0.000000 0.000000 1.000000

Iteration 67:
0.976653 -0.071877 0.202444 0.679356
-0.120709 0.595921 0.793919 -0.544080
-0.177705 -0.799820 0.573331 0.000063
0.000000 0.000000 0.000000 1.000000

Iteration 68:
0.025577 0.694977 0.718577 0.356858
-0.039451 0.718954 -0.693937 -0.489578
-0.998894 -0.010600 0.045806 0.080363
0.000000 0.000000 0.000000 1.000000

Iteration 69:
0.407724 -0.325895 0.852967 -0.376615
0.750302 -0.412805 -0.516371 0.036749
0.520393 0.850520 0.076209 -0.911445
0.000000 0.000000 0.000000 1.000000

Iteration 70:
0.878029 0.454311 -0.150555 -0.518703
0.061815 0.204289 0.976957 -0.719753
0.474599 -0.867103 0.151288 -0.292824
0.000000 0.000000 0.000000 1.000000

Iteration 71:
0.355875 0.063963 0.932342 -0.683890
-0.005456 0.997780 -0.066369 -0.071343
-0.934518 0.018532 0.355434 -0.090492
0.000000 0.000000 0.000000 1.000000

Iteration 72:
0.091474 -0.135066 -0.986605 -0.849257
0.885226 0.464795 0.018444 -0.916925
0.456078 -0.875056 0.162081 0.768827
0.000000 0.000000 0.000000 1.000000

Iteration 73:
0.923100 0.252461 -0.290088 -0.192500
-0.072052 0.854518 0.514400 0.712006
0.377751 -0.453941 0.806995 -0.053196
0.000000 0.000000 0.000000 1.000000

Iteration 74:
0.869305 0.366660 -0.331466 -0.437195
-0.395552 0.113930 -0.911350 0.102297
-0.296392 0.923353 0.244073 0.694205
0.000000 0.000000 0.000000 1.000000

Iteration 75:
0.430311 0.828402 0.358584 -0.753394
-0.529380 0.553352 -0.643085 -0.234352
-0.731156 0.086900 0.676653 -0.130988
0.000000 0.000000 0.000000 1.000000

Iteration 76:
0.614891 0.367283 0.697862 -0.110896
0.398155 0.619272 -0.676738 -0.669518
-0.680721 0.693978 0.234549 -0.159073
0.000000 0.000000 0.000000 1.000000

Iteration 77:
0.150621 -0.947005 0.283717 -0.825579
0.129243 -0.265665 -0.955363 0.181418
0.980107 0.180566 0.082379 0.035606
0.000000 0.000000 0.000000 1.000000

Iteration 78:
0.074407 0.796912 0.599496 0.428122
-0.197530 0.601029 -0.774433 -0.155301
-0.977469 -0.060795 0.202135 -0.426531
0.000000 0.000000 0.000000 1.000000

Iteration 79:
0.431648 -0.538154 -0.723927 0.194954
0.628856 -0.395837 0.669218 -0.201221
-0.646700 -0.744112 0.167559 0.207847
0.000000 0.000000 0.000000 1.000000

Iteration 80:
0.779751 -0.397445 0.483762 0.693422
-0.262547 0.493881 0.828945 0.021290
-0.568381 -0.773381 0.280757 0.856731
0.000000 0.000000 0.000000 1.000000

Iteration 81:
0.190962 0.927953 -0.320058 -0.736186
-0.770352 -0.060402 -0.634752 0.937871
-0.608352 0.367771 0.703316 0.165921
0.000000 0.000000 0.000000 1.000000

Iteration 82:
0.022317 0.370731 -0.928472 -0.640067
-0.944973 0.311014 0.101472 0.170282
0.326387 0.875116 0.357272 0.442515
0.000000 0.000000 0.000000 1.000000

Iteration 83:
0.205344 0.552388 -0.807899 0.144734
-0.646675 0.696195 0.311647 0.142360
0.734606 0.458453 0.500175 -0.989053
0.000000 0.000000 0.000000 1.000000

Iteration 84:
0.272579 0.541633 0.795194 0.258717
-0.448886 0.802617 -0.392819 0.656683
-0.851001 -0.249877 0.461908 0.960596
0.000000 0.000000 0.000000 1.000000

Iteration 85:
0.041250 0.256518 0.965659 0.303982
-0.378798 0.898346 -0.222456 0.380866
-0.924559 -0.356614 0.134225 0.268942
0.000000 0.000000 0.000000 1.000000

Iteration 86:
0.100361 -0.948572 0.300232 0.848056
0.046461 0.305895 0.950931 0.403183
-0.993866 -0.081487 0.074771 -0.707791
0.000000 0.000000 0.000000 1.000000

Iteration 87:
0.822549 0.549691 0.145781 0.625883
-0.197381 0.516359 -0.833315 -0.482106
-0.533341 0.656669 0.533229 -0.057627
0.000000 0.000000 0.000000 1.000000

Iteration 88:
0.167759 -0.510607 0.843290 0.924349
0.173089 0.857380 0.484705 0.503168
-0.970514 0.064651 0.232214 -0.978568
0.000000 0.000000 0.000000 1.000000

Iteration 89:
0.945534 -0.016237 -0.325119 0.369511
0.293060 0.477245 0.828464 -0.055844
0.141709 -0.878620 0.456010 -0.339174
0.000000 0.000000 0.000000 1.000000

Iteration 90:
0.489968 -0.622221 -0.610551 -0.066931
0.060292 0.722892 -0.688326 0.215913
0.869653 0.300446 0.391708 0.633984
0.000000 0.000000 0.000000 1.000000

Iteration 91:
0.818739 0.286799 0.497405 0.418568
-0.486203 -0.114490 0.866313 0.515711
0.305406 -0.951125 0.045705 -0.496483
0.000000 0.000000 0.000000 1.000000

Iteration 92:
0.070556 0.576542 0.814016 -0.390502
-0.279933 -0.771813 0.570914 0.237209
0.957423 -0.268151 0.106937 0.393706
0.000000 0.000000 0.000000 1.000000

Iteration 93:
0.689930 0.623810 0.367230 0.298045
-0.563061 0.781295 -0.269334 0.102671
-0.454928 -0.020952 0.890281 -0.641165
0.000000 0.000000 0.000000 1.000000

Iteration 94:
0.503534 0.676277 -0.537683 -0.014556
-0.311841 0.722645 0.616879 0.510415
0.805735 -0.142948 0.574767 -0.109116
0.000000 0.000000 0.000000 1.000000

Iteration 95:
0.174506 -0.958095 0.227159 -0.419082
0.215038 -0.188048 -0.958330 -0.527707
0.960888 0.216082 0.173211 0.086878
0.000000 0.000000 0.000000 1.000000

Iteration 96:
0.518884 0.360206 -0.775249 0.722135
0.272903 0.789634 0.549547 0.985670
0.810113 -0.496719 0.311428 0.714211
0.000000 0.000000 0.000000 1.000000

Iteration 97:
0.948598 -0.309933 0.064050 0.766980
0.251086 0.613813 -0.748458 0.253532
0.192657 0.726068 0.660082 -0.119628
0.000000 0.000000 0.000000 1.000000

Iteration 98:
0.020704 0.868509 -0.495240 0.377752
-0.129472 0.493504 0.860053 -0.072448
0.991367 0.046314 0.122665 0.015951
0.000000 0.000000 0.000000 1.000000

Iteration 99:
0.089056 -0.021930 -0.995785 0.608618
0.071698 0.997305 -0.015551 0.925418
0.993443 -0.070011 0.090389 0.807271
0.000000 0.000000 0.000000 1.000000

Iteration 100:
0.261070 -0.927871 -0.266267 -0.634906
0.105192 -0.246845 0.963329 0.096719
-0.959571 -0.279505 0.033161 -0.480900
0.000000 0.000000 0.000000 1.000000

